version https://git-lfs.github.com/spec/v1
oid sha256:e6389be45158989e9889ca075598de1952a67ea1b88592869c1ae531854cae4a
size 24068
